30.50,23.60,74.48,635.00,400,0,2022-12-14T13:18:13
30.80,23.70,74.66,633.00,406,0,2022-12-14T13:19:13
30.70,23.70,74.66,634.00,400,0,2022-12-14T13:20:13
30.50,23.80,74.84,633.00,424,3,2022-12-14T13:21:13
30.50,23.80,74.84,633.00,402,0,2022-12-14T13:22:13
30.40,23.80,74.84,635.00,407,1,2022-12-14T13:23:13
30.40,23.90,75.02,634.00,405,0,2022-12-14T13:24:13
30.30,23.90,75.02,609.00,416,2,2022-12-14T13:25:14
30.20,23.90,75.02,630.00,459,8,2022-12-14T13:26:14
30.40,23.80,74.84,632.00,564,24,2022-12-14T13:27:14
30.70,23.80,74.84,631.00,596,29,2022-12-14T13:28:14
30.90,23.80,74.84,632.00,487,13,2022-12-14T13:29:14
30.50,23.90,75.02,633.00,443,6,2022-12-14T13:30:14
30.40,23.90,75.02,633.00,423,3,2022-12-14T13:31:14
30.30,24.00,75.20,644.00,417,2,2022-12-14T13:32:14
30.30,24.00,75.20,632.00,409,1,2022-12-14T13:33:14
30.20,24.00,75.20,634.00,403,0,2022-12-14T13:34:14
30.20,24.10,75.38,632.00,400,0,2022-12-14T13:35:14
29.90,24.20,75.56,632.00,451,7,2022-12-14T13:36:14
30.10,24.20,75.56,631.00,500,15,2022-12-14T13:37:14
30.10,24.30,75.74,634.00,586,28,2022-12-14T13:38:14
30.10,24.40,75.92,632.00,508,16,2022-12-14T13:39:15
30.30,24.40,75.92,632.00,477,11,2022-12-14T13:40:15
30.20,24.40,75.92,631.00,432,4,2022-12-14T13:41:15
30.00,24.40,75.92,630.00,415,2,2022-12-14T13:42:15
29.90,24.50,76.10,631.00,406,0,2022-12-14T13:43:15
29.90,24.50,76.10,630.00,423,3,2022-12-14T13:44:15
29.40,24.40,75.92,629.00,407,1,2022-12-14T13:45:15
29.70,23.30,73.94,618.00,452,7,2022-12-14T13:46:15
30.20,22.30,72.14,612.00,497,14,2022-12-14T13:47:15
30.70,21.70,71.06,608.00,552,23,2022-12-14T13:48:15
31.00,21.70,71.06,611.00,652,38,2022-12-14T13:49:15
31.20,22.00,71.60,615.00,757,54,2022-12-14T13:50:15
31.60,22.40,72.32,616.00,624,34,2022-12-14T13:51:15
31.10,22.70,72.86,619.00,519,18,2022-12-14T13:52:15
30.70,23.10,73.58,619.00,454,8,2022-12-14T13:53:16
30.30,23.40,74.12,620.00,460,9,2022-12-14T13:54:16
30.20,23.60,74.48,622.00,442,6,2022-12-14T13:55:16
30.10,23.70,74.66,622.00,426,3,2022-12-14T13:56:16
30.00,23.90,75.02,622.00,402,0,2022-12-14T13:57:16
29.70,24.00,75.20,622.00,405,0,2022-12-14T13:58:16
29.70,24.00,75.20,616.00,410,1,2022-12-14T13:59:16
29.70,24.20,75.56,581.00,802,61,2022-12-14T14:00:16
29.50,23.90,75.02,578.00,620,33,2022-12-14T14:01:16
29.70,23.30,73.94,572.00,602,30,2022-12-14T14:02:16
30.00,22.60,72.68,605.00,617,33,2022-12-14T14:03:16
30.40,22.20,71.96,608.00,848,68,2022-12-14T14:04:16
30.90,22.30,72.14,610.00,821,64,2022-12-14T14:05:16
30.80,22.50,72.50,610.00,945,83,2022-12-14T14:06:16
31.00,22.70,72.86,612.00,817,63,2022-12-14T14:07:17
30.90,23.00,73.40,612.00,740,51,2022-12-14T14:08:17
30.80,23.20,73.76,613.00,615,32,2022-12-14T14:09:17
30.40,23.30,73.94,609.00,597,30,2022-12-14T14:10:17
30.50,23.50,74.30,435.00,1090,105,2022-12-14T14:11:17
32.10,23.80,74.84,512.00,589,28,2022-12-14T14:12:17
30.20,24.10,75.38,511.00,561,24,2022-12-14T14:13:17
30.00,24.30,75.74,513.00,627,34,2022-12-14T14:14:17
30.50,24.40,75.92,491.00,679,42,2022-12-14T14:15:17
31.00,24.50,76.10,602.00,1482,164,2022-12-14T14:16:17
33.90,24.70,76.46,607.00,1195,121,2022-12-14T14:17:17
31.30,24.80,76.64,607.00,992,90,2022-12-14T14:18:17
30.90,25.00,77.00,608.00,603,30,2022-12-14T14:19:17
30.30,25.00,77.00,607.00,653,38,2022-12-14T14:20:17
30.30,25.00,77.00,609.00,672,41,2022-12-14T14:21:18
30.20,25.10,77.18,610.00,798,60,2022-12-14T14:22:18
30.70,25.20,77.36,607.00,678,42,2022-12-14T14:23:18
30.00,25.20,77.36,607.00,710,47,2022-12-14T14:24:18
30.30,25.30,77.54,610.00,560,24,2022-12-14T14:25:18
29.50,25.40,77.72,611.00,629,34,2022-12-14T14:26:18
30.00,25.40,77.72,608.00,855,69,2022-12-14T14:27:18
30.20,25.50,77.90,611.00,634,35,2022-12-14T14:28:18
30.00,25.50,77.90,611.00,763,55,2022-12-14T14:29:18
29.80,25.50,77.90,611.00,970,86,2022-12-14T14:30:18
30.70,25.60,78.08,607.00,704,46,2022-12-14T14:31:18
30.10,25.60,78.08,606.00,615,32,2022-12-14T14:32:18
30.10,25.60,78.08,606.00,668,40,2022-12-14T14:33:18
30.10,25.60,78.08,613.00,478,11,2022-12-14T14:34:19
30.20,25.60,78.08,618.00,416,2,2022-12-14T14:35:19
29.50,25.60,78.08,616.00,463,9,2022-12-14T14:36:19
29.60,25.50,77.90,617.00,473,11,2022-12-14T14:37:19
29.60,25.50,77.90,615.00,476,11,2022-12-14T14:38:19
29.70,25.40,77.72,613.00,473,11,2022-12-14T14:39:19
29.70,25.30,77.54,613.00,411,1,2022-12-14T14:40:19
29.90,25.30,77.54,617.00,433,5,2022-12-14T14:41:19
29.80,25.30,77.54,616.00,500,15,2022-12-14T14:42:19
30.20,25.20,77.36,614.00,441,6,2022-12-14T14:43:19
29.80,25.20,77.36,616.00,434,5,2022-12-14T14:44:19
29.80,25.20,77.36,616.00,424,3,2022-12-14T14:45:19
29.90,25.10,77.18,615.00,435,5,2022-12-14T14:46:19
29.90,25.10,77.18,615.00,757,54,2022-12-14T14:47:19
30.70,25.00,77.00,614.00,480,12,2022-12-14T14:48:20
30.00,25.00,77.00,611.00,455,8,2022-12-14T14:49:20
29.90,25.00,77.00,610.00,476,11,2022-12-14T14:50:20
30.20,25.00,77.00,614.00,498,14,2022-12-14T14:51:20
30.60,25.00,77.00,612.00,865,70,2022-12-14T14:52:20
30.90,25.00,77.00,609.00,615,32,2022-12-14T14:53:20
30.90,25.00,77.00,609.00,733,50,2022-12-14T14:54:20
31.00,25.00,77.00,608.00,442,6,2022-12-14T14:55:20
30.30,25.00,77.00,609.00,438,5,2022-12-14T14:56:20
29.80,25.00,77.00,608.00,439,5,2022-12-14T14:57:20
30.10,25.00,77.00,608.00,421,3,2022-12-14T14:58:20
29.50,25.00,77.00,603.00,445,6,2022-12-14T14:59:20
29.70,25.00,77.00,604.00,427,4,2022-12-14T15:00:20
29.50,25.00,77.00,602.00,424,3,2022-12-14T15:01:20
29.70,25.00,77.00,604.00,408,1,2022-12-14T15:02:21
