643
1047
847
849
861
863
811
800
827
862
894
891
880
858
851
840
786
737
739
768
847
878
873
855
842
830
818
766
753
750
753
794
813
846
826
844
794
760
742
771
817
860
848
854
829
790
745
718
684
721
857
892
836
829
813
770
716
695
653
699
817
886
837
832
790
756
712
688
645
611
645
725
798
852
795
804
798
737
713
653
633
656
736
816
828
813
826
828
777
750
755
773
811
844
862
850
822
769
721
713
711
707
798
776
853
848
735
724
709
676
680
700
769
837
854
845
842
802
769
778
822
823
841
841
841
813
756
718
713
716
747
814
824
820
748
732
739
724
725
739
765
725
709
705
717
725
750
759
760
705
682
675
667
688
771
804