941
860
848
876
952
1054
1032
941
955
977
1056
1030
978
982
921
859
861
868
934
998
966
989
957
891
843
842
857
964
984
974
953
922
864
874
880
915
998
973
985
985
944
869
857
868
912
990
987
973
965
939
873
858
854
875
918
929
929
936
871
863
864
883
936
945
949
956
921
862
844
826
918
953
938
919
921
892
828
819
829
869
956
946
920
902
905
824
797
796
834
943
1022
991
979
961
886
854
846
849
892
949
935
949
937
870
848
858
905
1004
997
1007
973
904
868
862
876
933
939
931
947
928
868
862
866
905
976
955
965
953
896
849
847
848
890