37.20,18.20,64.76,626.00,400,0,2022-12-14T09:59:47
36.50,18.70,65.66,638.00,400,0,2022-12-14T10:00:47
35.80,19.10,66.38,636.00,400,0,2022-12-14T10:01:47
35.60,19.40,66.92,636.00,400,0,2022-12-14T10:02:47
35.30,19.60,67.28,639.00,403,0,2022-12-14T10:03:47
35.30,19.70,67.46,641.00,407,1,2022-12-14T10:04:47
35.10,20.00,68.00,639.00,409,1,2022-12-14T10:05:47
35.00,20.10,68.18,638.00,401,0,2022-12-14T10:06:47
34.90,20.20,68.36,636.00,411,1,2022-12-14T10:07:47
35.00,20.30,68.54,637.00,410,1,2022-12-14T10:08:47
35.00,20.30,68.54,635.00,402,0,2022-12-14T10:09:47
35.00,20.40,68.72,627.00,402,0,2022-12-14T10:10:48
35.00,20.50,68.90,627.00,402,0,2022-12-14T10:11:48
34.90,20.50,68.90,630.00,400,0,2022-12-14T10:12:48
34.70,20.60,69.08,631.00,400,0,2022-12-14T10:13:48
34.80,20.60,69.08,640.00,403,0,2022-12-14T10:14:48
34.80,20.70,69.26,630.00,406,0,2022-12-14T10:15:48
34.80,20.70,69.26,629.00,403,0,2022-12-14T10:16:48
34.70,20.80,69.44,634.00,408,1,2022-12-14T10:17:48
34.70,20.80,69.44,635.00,410,1,2022-12-14T10:18:48
34.60,20.90,69.62,636.00,403,0,2022-12-14T10:19:48
34.50,20.90,69.62,637.00,406,0,2022-12-14T10:20:48
34.40,20.90,69.62,637.00,403,0,2022-12-14T10:21:48
34.40,21.00,69.80,642.00,400,0,2022-12-14T10:22:48
34.20,21.00,69.80,636.00,400,0,2022-12-14T10:23:48
34.10,21.10,69.98,640.00,403,0,2022-12-14T10:24:49
34.20,21.10,69.98,636.00,401,0,2022-12-14T10:25:49
33.90,21.10,69.98,635.00,400,0,2022-12-14T10:26:49
34.00,21.20,70.16,644.00,410,1,2022-12-14T10:27:49
33.80,21.20,70.16,639.00,400,0,2022-12-14T10:28:49
33.70,21.30,70.34,642.00,414,2,2022-12-14T10:29:49
33.80,21.30,70.34,642.00,421,3,2022-12-14T10:30:49
33.90,21.30,70.34,644.00,406,0,2022-12-14T10:31:49
33.90,21.40,70.52,644.00,400,0,2022-12-14T10:32:49
33.70,21.40,70.52,641.00,414,2,2022-12-14T10:33:49
33.60,21.40,70.52,645.00,400,0,2022-12-14T10:34:49
33.20,21.50,70.70,641.00,402,0,2022-12-14T10:35:49
33.20,21.50,70.70,643.00,403,0,2022-12-14T10:36:49
33.20,21.50,70.70,648.00,403,0,2022-12-14T10:37:49
33.10,21.50,70.70,649.00,400,0,2022-12-14T10:38:50
33.20,21.50,70.70,644.00,400,0,2022-12-14T10:39:50
33.10,21.50,70.70,646.00,408,1,2022-12-14T10:40:50
32.90,21.60,70.88,648.00,403,0,2022-12-14T10:41:50
33.00,21.70,71.06,649.00,403,0,2022-12-14T10:42:50
33.00,21.70,71.06,649.00,400,0,2022-12-14T10:43:50
32.80,21.70,71.06,650.00,400,0,2022-12-14T10:44:50
32.70,21.70,71.06,648.00,400,0,2022-12-14T10:45:50
32.70,21.70,71.06,650.00,405,0,2022-12-14T10:46:50
32.60,21.70,71.06,658.00,411,1,2022-12-14T10:47:50
32.70,21.80,71.24,658.00,410,1,2022-12-14T10:48:50
32.60,21.80,71.24,656.00,418,2,2022-12-14T10:49:50
32.70,21.80,71.24,660.00,409,1,2022-12-14T10:50:50
32.60,21.90,71.42,658.00,406,0,2022-12-14T10:51:50
32.40,21.90,71.42,662.00,401,0,2022-12-14T10:52:51
32.40,21.90,71.42,661.00,405,0,2022-12-14T10:53:51
32.30,21.90,71.42,663.00,409,1,2022-12-14T10:54:51
32.40,21.90,71.42,663.00,400,0,2022-12-14T10:55:51
32.20,21.90,71.42,666.00,401,0,2022-12-14T10:56:51
32.20,22.00,71.60,662.00,410,1,2022-12-14T10:57:51
32.30,22.00,71.60,661.00,406,0,2022-12-14T10:58:51
32.20,22.00,71.60,661.00,405,0,2022-12-14T10:59:51
32.10,22.00,71.60,661.00,409,1,2022-12-14T11:00:51
32.20,22.00,71.60,659.00,415,2,2022-12-14T11:01:51
32.20,22.00,71.60,659.00,438,5,2022-12-14T11:02:51
32.40,22.10,71.78,659.00,446,7,2022-12-14T11:03:51
32.50,22.10,71.78,659.00,425,3,2022-12-14T11:04:51
32.40,22.10,71.78,659.00,416,2,2022-12-14T11:05:51
32.20,22.10,71.78,656.00,409,1,2022-12-14T11:06:51
32.10,22.10,71.78,657.00,409,1,2022-12-14T11:07:52
32.20,22.10,71.78,660.00,400,0,2022-12-14T11:08:52
32.00,22.10,71.78,656.00,400,0,2022-12-14T11:09:52
31.90,22.10,71.78,658.00,411,1,2022-12-14T11:10:52
31.80,22.10,71.78,654.00,408,1,2022-12-14T11:11:52
31.90,22.10,71.78,656.00,400,0,2022-12-14T11:12:52
31.60,22.10,71.78,656.00,400,0,2022-12-14T11:13:52
31.60,22.10,71.78,658.00,402,0,2022-12-14T11:14:52
31.80,22.10,71.78,658.00,408,1,2022-12-14T11:15:52
31.50,22.10,71.78,655.00,407,1,2022-12-14T11:16:52
31.50,22.10,71.78,658.00,403,0,2022-12-14T11:17:52
31.40,22.10,71.78,656.00,405,0,2022-12-14T11:18:52
31.40,22.10,71.78,654.00,401,0,2022-12-14T11:19:52
31.40,22.10,71.78,662.00,405,0,2022-12-14T11:20:52
31.50,22.10,71.78,663.00,403,0,2022-12-14T11:21:53
31.40,22.10,71.78,663.00,410,1,2022-12-14T11:22:53
31.50,22.20,71.96,660.00,438,5,2022-12-14T11:23:53
31.60,22.20,71.96,666.00,403,0,2022-12-14T11:24:53
31.40,22.20,71.96,664.00,400,0,2022-12-14T11:25:53
31.40,22.10,71.78,665.00,403,0,2022-12-14T11:26:53
31.20,22.20,71.96,665.00,413,1,2022-12-14T11:27:53
31.20,22.20,71.96,678.00,403,0,2022-12-14T11:28:53
31.30,22.20,71.96,676.00,406,0,2022-12-14T11:29:53
31.20,22.20,71.96,677.00,425,3,2022-12-14T11:30:53
31.50,22.20,71.96,656.00,414,2,2022-12-14T11:31:53
31.40,21.90,71.42,650.00,401,0,2022-12-14T11:32:53
31.50,21.50,70.70,641.00,409,1,2022-12-14T11:33:53
31.90,20.90,69.62,633.00,400,0,2022-12-14T11:34:53
32.10,20.30,68.54,626.00,407,1,2022-12-14T11:35:54
32.40,19.70,67.46,574.00,416,2,2022-12-14T11:36:54
