54.60,16.90,62.42,502.00,454,8,2022-12-19T10:06:29
53.90,17.00,62.60,508.00,400,0,2022-12-19T10:07:29
53.80,17.00,62.60,515.00,400,0,2022-12-19T10:08:29
53.80,17.00,62.60,510.00,414,2,2022-12-19T10:09:29
54.00,17.00,62.60,514.00,410,1,2022-12-19T10:10:29
54.00,17.00,62.60,514.00,410,1,2022-12-19T10:11:30
54.00,17.00,62.60,514.00,417,2,2022-12-19T10:12:30
54.20,17.00,62.60,518.00,421,3,2022-12-19T10:13:30
54.20,17.00,62.60,527.00,410,1,2022-12-19T10:14:30
54.20,17.00,62.60,530.00,413,1,2022-12-19T10:15:30
54.20,17.00,62.60,535.00,406,0,2022-12-19T10:16:30
54.20,17.00,62.60,536.00,407,1,2022-12-19T10:17:30
54.20,17.00,62.60,534.00,410,1,2022-12-19T10:18:30
54.30,17.00,62.60,530.00,402,0,2022-12-19T10:19:30
54.20,17.00,62.60,530.00,407,1,2022-12-19T10:20:30
54.30,17.00,62.60,533.00,416,2,2022-12-19T10:21:30
54.30,17.00,62.60,544.00,413,1,2022-12-19T10:22:30
54.30,17.00,62.60,561.00,407,1,2022-12-19T10:23:30
54.30,17.10,62.78,577.00,414,2,2022-12-19T10:24:30
54.20,17.10,62.78,596.00,422,3,2022-12-19T10:25:31
54.20,17.20,62.96,605.00,426,3,2022-12-19T10:26:31
54.30,17.20,62.96,614.00,417,2,2022-12-19T10:27:31
54.10,17.20,62.96,615.00,409,1,2022-12-19T10:28:31
54.10,17.20,62.96,610.00,426,3,2022-12-19T10:29:31
54.10,17.20,62.96,596.00,415,2,2022-12-19T10:30:31
54.10,17.20,62.96,581.00,418,2,2022-12-19T10:31:31
54.10,17.20,62.96,576.00,420,3,2022-12-19T10:32:31
54.10,17.20,62.96,584.00,426,3,2022-12-19T10:33:31
54.20,17.30,63.14,586.00,410,1,2022-12-19T10:34:31
54.10,17.30,63.14,578.00,416,2,2022-12-19T10:35:31
54.10,17.40,63.32,563.00,427,4,2022-12-19T10:36:31
54.10,17.40,63.32,547.00,424,3,2022-12-19T10:37:31
54.10,17.40,63.32,544.00,428,4,2022-12-19T10:38:31
54.10,17.40,63.32,543.00,422,3,2022-12-19T10:39:31
54.10,17.40,63.32,550.00,434,5,2022-12-19T10:40:32
54.10,17.40,63.32,556.00,433,5,2022-12-19T10:41:32
54.10,17.40,63.32,556.00,420,3,2022-12-19T10:42:32
54.00,17.40,63.32,536.00,425,3,2022-12-19T10:43:32
54.00,17.50,63.50,523.00,416,2,2022-12-19T10:44:32
54.00,17.50,63.50,531.00,428,4,2022-12-19T10:45:32
54.10,17.50,63.50,533.00,414,2,2022-12-19T10:46:32
53.90,17.50,63.50,523.00,407,1,2022-12-19T10:47:32
53.80,17.50,63.50,528.00,403,0,2022-12-19T10:48:32
53.70,17.60,63.68,541.00,422,3,2022-12-19T10:49:32
53.70,17.60,63.68,552.00,427,4,2022-12-19T10:50:32
53.70,17.80,64.04,571.00,413,1,2022-12-19T10:51:32
53.40,17.80,64.04,579.00,415,2,2022-12-19T10:52:32
53.30,18.00,64.40,577.00,423,3,2022-12-19T10:53:32
53.10,18.00,64.40,569.00,407,1,2022-12-19T10:54:33
52.70,18.10,64.58,559.00,410,1,2022-12-19T10:55:33
52.60,18.20,64.76,557.00,411,1,2022-12-19T10:56:33
52.50,18.30,64.94,557.00,410,1,2022-12-19T10:57:33
52.30,18.40,65.12,559.00,408,1,2022-12-19T10:58:33
52.30,18.40,65.12,576.00,411,1,2022-12-19T10:59:33
52.20,18.50,65.30,601.00,414,2,2022-12-19T11:00:33
52.10,18.60,65.48,614.00,413,1,2022-12-19T11:01:33
51.90,18.70,65.66,584.00,410,1,2022-12-19T11:02:33
51.80,18.80,65.84,573.00,411,1,2022-12-19T11:03:33
51.60,18.90,66.02,563.00,414,2,2022-12-19T11:04:33
51.50,18.90,66.02,549.00,422,3,2022-12-19T11:05:33
51.50,18.90,66.02,546.00,416,2,2022-12-19T11:06:33
51.40,19.00,66.20,538.00,413,1,2022-12-19T11:07:33
51.30,19.10,66.38,541.00,407,1,2022-12-19T11:08:34
51.20,19.20,66.56,544.00,411,1,2022-12-19T11:09:34
51.10,19.20,66.56,564.00,416,2,2022-12-19T11:10:34
51.10,19.20,66.56,613.00,410,1,2022-12-19T11:11:34
51.10,19.30,66.74,614.00,408,1,2022-12-19T11:12:34
50.90,19.40,66.92,614.00,410,1,2022-12-19T11:13:34
50.90,19.40,66.92,617.00,409,1,2022-12-19T11:14:34
50.80,19.50,67.10,592.00,411,1,2022-12-19T11:15:34
50.70,19.50,67.10,578.00,416,2,2022-12-19T11:16:34
50.80,19.50,67.10,568.00,413,1,2022-12-19T11:17:34
50.70,19.50,67.10,558.00,413,1,2022-12-19T11:18:34
50.60,19.60,67.28,556.00,418,2,2022-12-19T11:19:34
50.60,19.70,67.46,560.00,408,1,2022-12-19T11:20:34
50.40,19.70,67.46,552.00,406,0,2022-12-19T11:21:34
50.40,19.70,67.46,564.00,410,1,2022-12-19T11:22:35
50.30,19.80,67.64,563.00,405,0,2022-12-19T11:23:35
50.20,19.90,67.82,574.00,406,0,2022-12-19T11:24:35
50.20,19.90,67.82,572.00,414,2,2022-12-19T11:25:35
50.20,19.90,67.82,595.00,415,2,2022-12-19T11:26:35
50.20,19.90,67.82,588.00,410,1,2022-12-19T11:27:35
50.10,20.00,68.00,576.00,422,3,2022-12-19T11:28:35
50.10,20.00,68.00,572.00,416,2,2022-12-19T11:29:35
50.10,20.00,68.00,568.00,423,3,2022-12-19T11:30:35
50.10,20.00,68.00,573.00,410,1,2022-12-19T11:31:35
50.00,20.00,68.00,569.00,403,0,2022-12-19T11:32:35
49.90,20.10,68.18,553.00,422,3,2022-12-19T11:33:35
49.90,20.10,68.18,538.00,410,1,2022-12-19T11:34:35
50.00,20.10,68.18,568.00,414,2,2022-12-19T11:35:35
49.90,20.10,68.18,594.00,416,2,2022-12-19T11:36:35
50.00,20.10,68.18,599.00,426,3,2022-12-19T11:37:36
50.00,20.10,68.18,594.00,441,6,2022-12-19T11:38:36
50.00,20.20,68.36,595.00,436,5,2022-12-19T11:39:36
50.10,20.10,68.18,576.00,456,8,2022-12-19T11:40:36
50.10,20.20,68.36,571.00,487,13,2022-12-19T11:41:36
50.40,20.20,68.36,563.00,480,12,2022-12-19T11:42:36
50.30,20.20,68.36,599.00,491,13,2022-12-19T11:43:36
50.20,20.20,68.36,607.00,505,15,2022-12-19T11:44:36
50.20,20.30,68.54,591.00,486,13,2022-12-19T11:45:36
50.20,20.30,68.54,619.00,488,13,2022-12-19T11:46:36
50.10,20.30,68.54,657.00,491,13,2022-12-19T11:47:36
50.00,20.40,68.72,661.00,508,16,2022-12-19T11:48:36
50.00,20.40,68.72,661.00,495,14,2022-12-19T11:49:36
50.00,20.40,68.72,668.00,480,12,2022-12-19T11:50:36
49.80,20.50,68.90,659.00,478,11,2022-12-19T11:51:37
49.70,20.50,68.90,666.00,472,10,2022-12-19T11:52:37
49.60,20.60,69.08,643.00,456,8,2022-12-19T11:53:37
49.50,20.60,69.08,649.00,460,9,2022-12-19T11:54:37
49.50,20.60,69.08,645.00,454,8,2022-12-19T11:55:37
49.50,20.70,69.26,645.00,445,6,2022-12-19T11:56:37
49.30,20.70,69.26,648.00,448,7,2022-12-19T11:57:37
49.40,20.70,69.26,630.00,442,6,2022-12-19T11:58:37
49.40,20.70,69.26,617.00,445,6,2022-12-19T11:59:37
49.30,20.70,69.26,607.00,441,6,2022-12-19T12:00:37
49.30,20.70,69.26,602.00,436,5,2022-12-19T12:01:37
49.30,20.80,69.44,606.00,441,6,2022-12-19T12:02:37
49.30,20.80,69.44,623.00,450,7,2022-12-19T12:03:37
49.40,20.80,69.44,605.00,446,7,2022-12-19T12:04:37
49.50,20.80,69.44,622.00,445,6,2022-12-19T12:05:38
49.60,20.80,69.44,602.00,433,5,2022-12-19T12:06:38
49.40,20.90,69.62,626.00,442,6,2022-12-19T12:07:38
49.50,20.90,69.62,633.00,445,6,2022-12-19T12:08:38
49.50,20.90,69.62,662.00,438,5,2022-12-19T12:09:38
49.40,20.90,69.62,645.00,436,5,2022-12-19T12:10:38
49.40,21.00,69.80,611.00,434,5,2022-12-19T12:11:38
49.40,20.90,69.62,603.00,443,6,2022-12-19T12:12:38
49.40,20.90,69.62,615.00,422,3,2022-12-19T12:13:38
49.40,20.90,69.62,599.00,460,9,2022-12-19T12:14:38
49.40,20.90,69.62,580.00,454,8,2022-12-19T12:15:38
49.50,21.00,69.80,580.00,502,15,2022-12-19T12:16:38
49.50,21.00,69.80,583.00,623,33,2022-12-19T12:17:38
49.60,21.00,69.80,590.00,543,21,2022-12-19T12:18:38
49.40,21.00,69.80,595.00,656,39,2022-12-19T12:19:39
49.50,21.00,69.80,605.00,787,58,2022-12-19T12:20:39
49.40,21.00,69.80,608.00,880,73,2022-12-19T12:21:39
49.40,21.00,69.80,615.00,806,61,2022-12-19T12:22:39
49.30,21.00,69.80,622.00,787,58,2022-12-19T12:23:39
49.30,21.10,69.98,662.00,821,64,2022-12-19T12:24:39
49.30,21.10,69.98,670.00,830,65,2022-12-19T12:25:39
49.30,21.10,69.98,665.00,838,66,2022-12-19T12:26:39
49.30,21.10,69.98,649.00,872,71,2022-12-19T12:27:39
49.40,21.10,69.98,658.00,935,81,2022-12-19T12:28:39
49.40,21.10,69.98,653.00,961,85,2022-12-19T12:29:39
49.40,21.10,69.98,654.00,983,88,2022-12-19T12:30:39
49.30,21.10,69.98,641.00,995,90,2022-12-19T12:31:39
49.20,21.20,70.16,630.00,990,89,2022-12-19T12:32:39
49.10,21.30,70.34,616.00,942,82,2022-12-19T12:33:40
49.00,21.30,70.34,630.00,925,79,2022-12-19T12:34:40
49.00,21.30,70.34,667.00,870,71,2022-12-19T12:35:40
49.00,21.30,70.34,722.00,848,68,2022-12-19T12:36:40
49.00,21.30,70.34,758.00,815,63,2022-12-19T12:37:40
49.20,21.30,70.34,726.00,802,61,2022-12-19T12:38:40
49.20,21.30,70.34,668.00,780,57,2022-12-19T12:39:40
49.20,21.30,70.34,642.00,770,56,2022-12-19T12:40:40
49.20,21.40,70.52,625.00,774,56,2022-12-19T12:41:40
49.20,21.40,70.52,646.00,742,52,2022-12-19T12:42:40
49.10,21.40,70.52,655.00,712,47,2022-12-19T12:43:40
49.10,21.40,70.52,663.00,692,44,2022-12-19T12:44:40
49.00,21.40,70.52,648.00,668,40,2022-12-19T12:45:40
48.90,21.40,70.52,644.00,649,37,2022-12-19T12:46:40
48.90,21.40,70.52,646.00,637,36,2022-12-19T12:47:41
48.90,21.40,70.52,663.00,634,35,2022-12-19T12:48:41
48.90,21.40,70.52,671.00,626,34,2022-12-19T12:49:41
48.90,21.40,70.52,705.00,612,32,2022-12-19T12:50:41
48.80,21.50,70.70,728.00,600,30,2022-12-19T12:51:41
48.80,21.50,70.70,756.00,591,29,2022-12-19T12:52:41
48.70,21.50,70.70,761.00,570,25,2022-12-19T12:53:41
48.60,21.50,70.70,765.00,567,25,2022-12-19T12:54:41
48.60,21.50,70.70,773.00,584,28,2022-12-19T12:55:41
48.70,21.50,70.70,802.00,564,24,2022-12-19T12:56:41
48.70,21.50,70.70,846.00,553,23,2022-12-19T12:57:41
48.60,21.50,70.70,870.00,530,19,2022-12-19T12:58:41
48.50,21.50,70.70,910.00,543,21,2022-12-19T12:59:41
48.50,21.50,70.70,952.00,534,20,2022-12-19T13:00:41
48.40,21.60,70.88,890.00,539,21,2022-12-19T13:01:42
48.40,21.70,71.06,899.00,531,19,2022-12-19T13:02:42
48.40,21.70,71.06,960.00,534,20,2022-12-19T13:03:42
48.40,21.70,71.06,1008.00,533,20,2022-12-19T13:04:42
48.40,21.70,71.06,1000.00,515,17,2022-12-19T13:05:42
48.30,21.70,71.06,1063.00,503,15,2022-12-19T13:06:42
