776
758
737
711
738
749
746
687
632
634
655
702
776
798
781
752
725
727
752
688
636
645
695
816
763
838
872
870
897
821
770
778
779
813
821
819
824
799
746
708
703
654
704
844
791
822
840
821
760
742
757
760
802
820
801
798
774
734
729
746
766
822
827
829
828
816
768
727
731
759
784
793
793
804
783
742
742
747
791
799
806
806
756
742
793
797
811
810
806
771
751
771
760
727
750
769
819
848
854
845
824
757
721
681
647
697
901
753
853
854
845
865
776
729
735
734
741
813
809
825
820
828
753
724
718
713
690
765
800
832
842
830
762
723
715
709
669
754
789
778
799
794
771
723
699
692
667
703
762
776
798
800
804
772
720
720
710
727