467
456
452
449
445
437
435
434
432
431
433
438
447
459
466
462
458
460
455
458
455
456
454
451
449
450
450
448
445
442
442
446
450
456
464
461
466
462
459
456
452
449
449
449
448
449
449
447
446
443
443
445
445
452
462
471
485
497
505
502
499
493
478
470
462
454
449
446
442
440
439
441
450
464
484
503
520
537
534
557
574
640
736
662
593
562
523
509
510
522
544
596
607
602
570
526
497
487
479
476
473
472
468
465
461
456
453
449
451
463
514
980
595
688
752
764
726
577
559
538
527
519
516
516
516
521